NAME : single
TYPE : ATSP
DIMENSION : 18
EDGE_WEIGHT_TYPE : EXPLICIT
EDGE_WEIGHT_FORMAT : FULL_MATRIX
EDGE_WEIGHT_SECTION
0 143 448 555 570 227 225 103 420 781 782 678 594 601 757 757 783 823 
0 0 194 287 284 297 191 168 265 534 545 447 371 384 534 533 619 637 
0 194 0 96 90 262 172 138 225 392 390 294 227 260 410 411 502 574 
0 287 96 0 89 271 253 233 277 289 313 223 283 257 353 354 448 641 
0 284 90 89 0 274 257 227 233 304 335 247 197 252 378 378 473 640 
0 297 262 271 274 0 111 133 177 492 495 397 322 328 473 472 50000 636 
0 191 172 253 257 111 0 98 158 473 476 379 303 309 455 455 536 550 
0 168 138 233 227 133 98 0 206 492 509 410 337 356 508 508 568 667 
0 265 225 277 233 177 158 206 0 317 318 291 145 153 303 303 358 517 
0 534 392 289 304 492 473 492 317 0 70 105 292 249 178 180 356 463 
0 545 390 313 335 495 476 509 318 70 0 98 257 198 112 114 294 418 
0 447 294 223 247 397 379 410 291 105 98 0 252 289 182 137 283 372 
0 371 227 283 197 322 303 337 145 292 257 252 0 58 184 262 286 382 
0 384 260 257 252 328 309 356 153 249 198 289 58 0 153 203 238 347 
0 534 410 353 378 473 455 508 303 178 112 182 184 153 0 96 295 291 
0 533 411 354 378 472 455 508 303 180 114 137 262 203 96 0 208 289 
0 619 502 448 473 50000 536 568 358 356 294 283 286 238 295 208 0 132 
0 637 574 641 640 636 550 667 517 463 418 372 382 347 291 289 132 0 
EOF